16 9 4
0.45212054
0.90013134
0.35210693
0.17566156
-0.9188173
0.42356288
0.41982174
0.38324738
-0.38913333
0.07570827
-0.0627085
0.2888075
-0.33679342
0.43191862
0.9274037
0.8949814
-0.29737544
-0.47709155
0.55442715
-0.28000164
0.98576903
-0.6973238
0.8455967
0.66000557
0.8319907
0.5757961
-0.65056133
0.7661065
-0.7563933
-0.18289852
-0.58311844
-0.0703665
0.1863302
-0.37712514
-0.73855054
-0.77715194
0.06446397
0.062517285
-0.49812722
0.7026926
-0.22569096
0.25210404
0.086532354
-0.77063143
0.28061962
-0.37366772
0.5727992
0.18758059
0.9289777
-0.9955461
-0.92969024
0.8657284
0.082060695
0.2714411
0.7965343
-0.88216186
0.45657063
-0.24831712
-0.66707027
-0.693426
0.45297575
-0.1559676
-0.8359784
0.43643785
0.4313259
0.7003542
0.9397117
0.8987303
-0.6813698
0.4324218
0.78896046
0.9596884
0.06827247
0.072932005
-0.24697769
-0.3425957
0.66757834
0.12560225
-0.5228684
0.28986025
-0.14993012
-0.37187243
-0.6642966
-0.63485587
0.064555526
0.11278498
-0.5412432
-0.5336628
-0.8593718
-0.6435046
-0.87635446
-0.29035187
-0.56771505
-0.67971945
0.7798035
0.6283064
0.8873764
-0.076395035
-0.15513897
-0.28902566
-0.24417365
-0.7003522
0.264161
0.30769908
0.6956862
-0.2680577
0.7346777
0.06565225
0.4509796
0.66111827
0.18712986
0.8792983
0.5531013
0.83402646
0.48144305
-0.025346756
0.53865385
0.9888793
-0.15831792
-0.83436537
-0.21233916
0.3530482
-0.9656111
-0.47587264
-0.52000356
0.87987924
-0.96753454
0.22749078
-0.53625166
-0.4463247
0.41507614
-0.24773121
0.5524702
-0.4846053
-0.80146027
-0.033457518
-0.6494639
-0.74551415
-0.5038955
-0.83737516
0.98495996
0.0046799183
-0.6556492
0.32486355
0.84223545
-0.11517012
0.34553516
-0.3663833
0.7203735
-0.36740625
0.24946177
-0.4132712
0.76600826
-0.8372599
0.18274367
0.42599285
-0.3628987
-0.9018191
-0.46892393
-0.42865252
-0.11747229
0.106844425
-0.74881816
0.30438995
-0.66391826
-0.1512413
0.049405813
-0.6491313
0.0658263
0.89405954
0.9857974
0.6661279
0.18811548
-0.30585694
0.87444985
-0.46380234
-0.35679853
-0.0638262
0.7376219
-0.99018
