16 9 4
-0.7108394
0.8568995
0.58253
-0.7573441
-0.021164298
0.06154239
-0.9837117
-0.38040268
-0.055145144
-0.43276143
-0.591269
-0.80318594
-0.5027437
-0.56790364
0.56753874
0.9524418
-0.9597379
0.50040793
0.49598134
-0.4925567
-0.1848414
0.65024817
0.71455693
0.7060176
-0.95127094
-0.7871946
0.1895597
0.30842447
-0.13336766
-0.7122209
-0.566784
-0.66116786
0.29957485
0.65655863
-0.033572674
0.8596084
0.4548726
0.15916193
-0.464231
-0.6135793
-0.2204225
0.14327693
-0.09431851
-0.33928716
-0.8277632
0.004586935
-0.32808018
-0.8034755
-0.1276201
0.6307231
-0.7767737
0.42399514
0.40850317
-0.793272
-0.97326326
-0.97801435
-0.12524772
-0.7348622
0.14378357
-0.28569317
0.35181594
0.9212525
-0.98940706
0.9186865
0.3413986
0.5349984
-0.41890883
0.46698475
-0.8375001
0.27886605
0.06255317
-0.035609245
0.027385712
-0.56643105
0.19083333
-0.2628857
0.11218715
0.9998472
0.11229336
-0.7638382
-0.7369604
-0.75383604
0.19579363
0.41446245
0.3644116
0.6997386
-0.010035753
0.36934912
-0.12376249
-0.77444386
-0.054417133
0.1217159
0.2034285
-0.4552201
-0.6459347
0.042158008
-0.22280681
-0.55729747
0.89899623
0.024791121
0.032047033
-0.80142903
-0.09539199
-0.48819685
-0.7190887
-0.98098063
-0.83910644
0.8823571
-0.5763811
-0.7505801
-0.16631281
0.0077912807
0.90230525
0.52148044
0.78374434
0.6417661
-0.17741978
-0.7030828
-0.40266848
-0.8801589
-0.14109576
-0.08359134
-0.4851097
0.7993325
-0.6226845
-0.34456372
0.8047439
0.84639
0.6070219
-0.47152352
-0.7317852
-0.21486306
-0.3854463
-0.95036006
-0.44650102
0.6123787
0.9682832
0.3860253
0.062303066
-0.76090896
-0.17310393
0.18336737
0.12016034
0.42038655
0.84855974
-0.36180198
0.13913083
-0.1714536
-0.14472842
-0.17573524
-0.51826
0.37756813
0.82914865
-0.88651633
-0.39858615
-0.20719814
0.22681272
0.06842375
-0.42769003
-0.8872503
0.517269
0.13150525
0.3055743
0.44951665
-0.091230035
0.8509096
0.5060303
-0.60650814
0.70681024
-0.7357211
-0.74131644
0.65027964
0.42255795
0.4388703
0.52478254
0.61555564
-0.22027934
0.44231153
-0.20231307
0.14031148
