16 9 4
-0.112802505
0.90706766
0.97126055
0.7398741
0.74706376
0.19341159
0.62764835
0.6217234
0.2914126
0.42424977
0.53807914
0.1506052
-0.0861187
0.32144594
-0.6893213
0.8643414
-0.0066412687
0.57267666
0.5178312
0.6409651
-0.6315371
-0.5970924
0.18438339
0.3148942
0.006147146
0.060998917
-0.84628165
-0.09648299
-0.8714838
-0.30925584
-0.31286442
0.47390997
-0.21661115
0.56972706
0.8599074
-0.1290183
0.7901908
0.8523606
0.026156902
0.0053344965
-0.21586287
0.84009516
0.63452566
0.44081306
0.8469943
-0.48519373
0.78412116
-0.3718773
-0.18327785
-0.21915841
0.86435556
0.48554313
0.8809087
-0.7839297
-0.15615833
0.37627554
-0.6319821
0.08598888
0.73943555
0.54170656
-0.067878366
-0.6767206
-0.06269038
-0.2788235
0.07264888
-0.38056362
-0.5375354
0.39087474
-0.26910126
0.67255056
-0.5815439
-0.049144983
-0.76056325
-0.25032067
-0.72680783
0.44500995
-0.27765763
0.2757845
-0.95452285
0.6534667
-0.6637913
-0.0358572
-0.017772555
-0.6678277
-0.5466993
0.10185814
0.32539296
-0.5211309
0.055199027
-0.80824673
-0.19746077
0.7877599
0.6793808
0.44577384
-0.10575473
0.41090393
-0.95793974
-0.4216467
0.04399371
-0.32130694
-0.96280146
-0.83912754
0.7892034
-0.52400637
-0.1511333
-0.3642093
-0.057946086
0.2687174
0.22398996
-0.826509
0.25075173
-0.38454378
0.16604996
0.015573025
0.14126623
0.6718192
-0.46490312
0.24838138
-0.17389631
-0.21862757
-0.8323653
-0.5217658
0.9848323
0.0114963055
0.08078587
-0.3667314
0.12214792
0.37322414
-0.6931139
0.13675332
-0.0028916597
0.42562795
-0.36828327
-0.3933798
-0.81118655
-0.66603196
-0.35104227
0.045149326
0.07815516
-0.8583689
-0.1108371
-0.7126373
-0.24703467
-0.110916734
-0.07896447
-0.20987475
0.7657864
0.5420588
-0.7807162
0.36764586
0.045570612
0.4648279
0.6161853
-0.8051466
-0.22134769
-0.8539057
0.9837574
0.5650332
0.17560661
0.94621146
0.9864975
0.7929728
0.78890014
0.40252364
0.12923408
-0.24150479
0.16582942
-0.2533326
-0.15421128
0.3648069
0.3832339
0.7037529
-0.14846027
0.90412426
0.57867956
-0.6707157
0.71458006
-0.9573964
-0.1784941
-0.036966324
