16 9 4
0.1552999
0.31787193
0.27659976
-0.40158403
-0.7876227
-0.09623659
0.74894655
-0.8628284
-0.80428505
-0.72880733
-0.22832525
0.3730899
0.87949026
-0.39953566
0.48893142
0.14409673
0.7635143
-0.7897341
-0.010917306
-0.72329164
0.24266422
-0.35481894
-0.10525966
0.08667195
-0.19790256
-0.107756615
-0.9670508
-0.6793889
-0.7337574
0.12553954
-0.6032264
0.3807584
0.44367135
0.8082328
-0.72620714
0.3296981
-0.8020376
0.3776635
-0.60647106
0.22687376
-0.51649296
0.1066488
-0.11454761
-0.3030603
-0.22066736
-0.5485816
0.06002271
-0.358657
-0.6644701
-0.91837955
-0.7770711
0.6670593
-0.42490697
-0.746547
-0.047952652
-0.47672915
-0.41040242
-0.10715699
0.5847659
0.6847395
-0.04472828
-0.4001937
0.73122764
0.18584096
0.8523518
0.742555
0.46186042
0.3892604
0.5849689
0.99573374
-0.90838623
-0.81935894
0.3808204
-0.9077809
0.26119447
0.8090925
0.7665459
0.7329596
0.07228601
-0.9862133
-0.7643422
-0.48796952
0.8262918
-0.075907946
0.06540179
-0.15979755
-0.56170523
-0.76686096
-0.96782446
-0.0030430555
-0.46490777
0.57373095
0.8962151
-0.27410448
0.5666933
-0.6454611
-0.8833388
-0.39218903
-0.6835383
-0.62484515
-0.8869606
0.24553263
-0.74499846
0.50141156
-0.96903133
-0.625942
-0.8304876
-0.9463419
-0.4567585
0.75496054
-0.83319414
0.22806108
0.8152782
0.26658607
0.99365616
-0.11399102
0.15288424
0.22013128
-0.4035462
0.78825414
0.6512201
-0.4155779
0.7059572
-0.6311215
-0.24907994
0.77603006
-0.07619667
0.9777045
-0.97943294
-0.716064
-0.69148886
0.7940302
-0.98079574
-0.7967583
-0.07395339
0.6988455
-0.47341132
0.37175965
-0.64220035
0.8713262
-0.14138019
-0.83850443
-0.026389956
0.710672
0.28576446
-0.3988843
-0.49910653
-0.9468361
0.9358138
-0.9598205
-0.9861448
-0.9378723
-0.7653879
0.25541306
-0.63632846
-0.5649471
0.30098033
-0.83739734
0.1182338
0.23546803
-0.46753
-0.5365324
0.715883
-0.5834303
0.48981106
-0.27621412
-0.80289495
0.5063089
0.9351833
-0.98886967
0.9838432
0.6038103
0.90173185
0.59507227
-0.2918173
-0.05522859
0.53293824
-0.6863053
0.9051342
-0.34870517
