16 9 4
-0.526695
0.8802656
0.14528286
0.5353415
0.39102328
0.956326
-0.31492078
-0.2687837
-0.6323837
-0.034323692
0.68058515
-0.732586
0.33989918
-0.4131328
0.71720207
-0.04370296
0.93545794
-0.5680269
-0.8189907
-0.105357885
-0.002508998
-0.39358866
0.40507448
0.9268309
0.73343337
0.28932822
-0.9319073
0.65410364
0.8137227
0.61774004
-0.6016387
0.6787865
0.7615719
0.25013113
-0.055244803
0.12888658
-0.73998785
0.9495903
0.34319496
-0.99431944
-0.47075927
0.8842695
0.54932463
0.91168547
0.53928494
-0.2861203
0.26671445
0.6920965
0.3634007
-0.078050256
0.6986797
-0.6261903
0.07971954
-0.572026
0.40643263
0.91031516
-0.21777105
0.9441879
0.04793477
0.8051652
0.20286024
0.7990235
0.41941392
-0.5246335
-0.8666433
0.72012615
0.17492175
0.5824709
-0.28204453
0.6532521
0.44433403
0.38586402
-0.02477622
-0.6764275
0.80527747
-0.6917312
-0.753011
0.043704033
-0.85863113
-0.11812353
-0.16819513
0.42719817
-0.9818599
-0.75613594
-0.10446715
-0.9833615
-0.7724769
-0.49712932
-0.4847132
-0.84094024
-0.64760363
-0.10882914
-0.005231738
-0.4476459
0.28021455
0.9595177
-0.22991586
0.59530747
0.53901505
0.90683734
-0.6527984
-0.38861036
0.2985959
-0.08955467
0.9422951
0.07265556
0.5515698
0.9496448
-0.520888
0.97007895
0.95573914
0.42037988
-0.17650354
0.6456373
-0.5629426
-0.058306217
-0.63332903
-0.67698395
-0.9648347
0.7837726
-0.17484653
-0.27880812
-0.55721056
-0.33626807
-0.93022346
-0.38888872
-0.2693119
0.97888196
0.94705415
0.017470956
0.07282162
-0.6301341
0.68865895
-0.6742575
0.8262874
0.7006556
0.20879722
0.6504371
0.2334156
0.77328885
0.36879742
0.73666334
0.5287154
-0.1521126
9.858608E-4
-0.7448261
-0.43628168
0.21370971
-0.9208425
-0.1665672
0.6894337
0.12042427
0.06336713
0.6128222
0.58002365
-0.8869103
0.8567606
-0.891093
-0.8887782
-0.016621947
-0.13286579
0.23318446
0.018024802
0.9128907
-0.9569303
0.0058192015
-0.42204309
0.24542582
0.2723055
-0.18484819
0.56987774
0.14135611
-0.57750213
-0.8722594
-0.13787282
0.40920627
-0.5422914
-0.88344634
0.2328527
-0.25772953
